Time,Real_Angle
0,0.062
0.01,0.0628
0.02,0.0634
0.03,0.0637
0.04,0.0638
0.05,0.0628
0.06,0.0619
0.07,0.0613
0.08,0.0608
0.09,0.0607
0.1,0.0616
0.11,0.0636
0.12,0.0675
0.13,0.0708
0.14,0.0743
0.15,0.079
0.16,0.0829
0.17,0.0844
0.18,0.0825
0.19,0.0807
0.2,0.0794
0.21,0.078
0.22,0.0775
0.23,0.0782
0.24,0.0788
0.25,0.0795
0.26,0.0803
0.27,0.0791
0.28,0.078
0.29,0.0773
0.3,0.0774
0.31,0.0781
0.32,0.0785
0.33,0.078
0.34,0.0788
0.35,0.0798
0.36,0.0805
0.37,0.0807
0.38,0.081
0.39,0.0813
0.4,0.0803
0.41,0.0794
0.42,0.0785
0.43,0.0783
0.44,0.0789
0.45,0.0798
0.46,0.0809
0.47,0.0819
0.48,0.0814
0.49,0.0804
0.5,0.0795
0.51,0.0787
0.52,0.0801
0.53,0.0815
0.54,0.0826
0.55,0.0833
0.56,0.0821
0.57,0.081
0.58,0.0819
0.59,0.0815
0.6,0.0768
0.61,0.0657
0.62,0.0542
0.63,0.0452
0.64,0.0412
0.65,0.0423
0.66,0.0479
0.67,0.0535
0.68,0.0574
0.69,0.0596
0.7,0.059
0.71,0.0576
0.72,0.0566
0.73,0.0581
0.74,0.0596
0.75,0.0591
0.76,0.058
0.77,0.0569
0.78,0.0558
0.79,0.0568
0.8,0.058
0.81,0.0578
0.82,0.0568
0.83,0.0557
0.84,0.0549
0.85,0.056
0.86,0.0575
0.87,0.059
0.88,0.0602
0.89,0.0599
0.9,0.0585
0.91,0.0573
0.92,0.0574
0.93,0.0582
0.94,0.0593
0.95,0.0599
0.96,0.0593
0.97,0.0584
0.98,0.0592
0.99,0.0599
1,0.0602
1.01,0.0591
1.02,0.0582
1.03,0.0573
1.04,0.0584
1.05,0.0593
1.06,0.0595
1.07,0.0586
1.08,0.0593
1.09,0.0603
1.1,0.0592
1.11,0.0582
1.12,0.0578
1.13,0.0589
1.14,0.0593
1.15,0.0593
1.16,0.06
1.17,0.059
1.18,0.0581
1.19,0.0591
1.2,0.0581
1.21,0.0571
1.22,0.0578
1.23,0.0589
1.24,0.0582
1.25,0.0589
1.26,0.0588
1.27,0.0579
1.28,0.0587
1.29,0.0577
1.3,0.0574
1.31,0.0582
1.32,0.0572
1.33,0.0581
1.34,0.0591
1.35,0.0602
1.36,0.0609
1.37,0.0612
1.38,0.0606
1.39,0.0605
1.4,0.0613
1.41,0.0622
1.42,0.062
1.43,0.0608
1.44,0.0597
1.45,0.0586
1.46,0.0577
1.47,0.0587
1.48,0.0599
1.49,0.061
1.5,0.062
1.51,0.0627
1.52,0.0618
1.53,0.0609
1.54,0.0608
1.55,0.0599
1.56,0.0592
1.57,0.0589
1.58,0.0593
1.59,0.0608
1.6,0.0648
1.61,0.0687
1.62,0.0715
1.63,0.0727
1.64,0.0713
1.65,0.0716
1.66,0.0725
1.67,0.072
1.68,0.0729
1.69,0.0735
1.7,0.0735
1.71,0.0714
1.72,0.0696
1.73,0.0687
1.74,0.0699
1.75,0.0695
1.76,0.0687
1.77,0.0681
1.78,0.0694
1.79,0.0705
1.8,0.0696
1.81,0.0707
1.82,0.0717
1.83,0.0707
1.84,0.0718
1.85,0.0728
1.86,0.0731
1.87,0.0723
1.88,0.0731
1.89,0.0721
1.9,0.0712
1.91,0.0706
1.92,0.071
1.93,0.0721
1.94,0.0728
1.95,0.0733
1.96,0.0737
1.97,0.0727
1.98,0.0718
1.99,0.0714
2,0.0719
2.01,0.0711
2.02,0.0701
2.03,0.0699
2.04,0.0709
2.05,0.0719
2.06,0.0727
2.07,0.0714
2.08,0.0717
2.09,0.0714
2.1,0.0688
2.11,0.0624
2.12,0.0566
2.13,0.0524
2.14,0.0502
2.15,0.0503
2.16,0.0529
2.17,0.0544
2.18,0.054
2.19,0.0558
2.2,0.0582
2.21,0.0598
2.22,0.0598
2.23,0.0585
2.24,0.0584
2.25,0.0584
2.26,0.0591
2.27,0.0601
2.28,0.0611
2.29,0.0599
2.3,0.0588
2.31,0.0585
2.32,0.0595
2.33,0.0596
2.34,0.0601
2.35,0.0602
2.36,0.0612
2.37,0.0614
2.38,0.0611
2.39,0.06
2.4,0.059
2.41,0.0581
2.42,0.0586
2.43,0.0576
2.44,0.0567
2.45,0.0572
2.46,0.0582
2.47,0.059
2.48,0.058
2.49,0.0589
2.5,0.0597
2.51,0.0587
2.52,0.0595
2.53,0.0605
2.54,0.06
2.55,0.0609
2.56,0.0616
2.57,0.0619
2.58,0.0616
2.59,0.0592
2.6,0.0524
2.61,0.0448
2.62,0.0386
2.63,0.0342
2.64,0.0324
2.65,0.0352
2.66,0.0395
2.67,0.0431
2.68,0.0435
2.69,0.042
2.7,0.0407
2.71,0.0411
2.72,0.0426
2.73,0.044
2.74,0.0432
2.75,0.0419
2.76,0.0407
2.77,0.0399
2.78,0.0409
2.79,0.0418
2.8,0.0409
2.81,0.0409
2.82,0.042
2.83,0.0411
2.84,0.04
2.85,0.039
2.86,0.0381
2.87,0.0371
2.88,0.0381
2.89,0.0391
2.9,0.0385
2.91,0.0394
2.92,0.0404
2.93,0.0395
2.94,0.0386
2.95,0.0396
2.96,0.0399
2.97,0.0395
2.98,0.039
2.99,0.04
3,0.0398
3,0.0399
3,0.0395
3.01,0.0388
3.02,0.0398
3.03,0.0408
3.04,0.0399
3.05,0.0389
3.06,0.0383
3.07,0.039
3.08,0.0415
3.09,0.0462
3.1,0.0524
3.11,0.0604
3.12,0.0661
3.13,0.0688
3.14,0.0698
3.15,0.0702
3.16,0.0701
3.17,0.0685
3.18,0.0666
3.19,0.0649
3.2,0.0634
3.21,0.0637
3.22,0.0646
3.23,0.0638
3.24,0.0628
3.25,0.0625
3.26,0.0627
3.27,0.0629
3.28,0.0625
3.29,0.0632
3.3,0.0634
3.31,0.0637
3.32,0.0647
3.33,0.0654
3.34,0.0664
3.35,0.066
3.36,0.0655
3.37,0.0652
3.38,0.0651
3.39,0.0661
3.4,0.0659
3.41,0.0664
3.42,0.0672
3.43,0.0668
3.44,0.0664
3.45,0.0667
3.46,0.0674
3.47,0.0682
3.48,0.0691
3.49,0.0685
3.5,0.0677
3.51,0.0668
3.52,0.0677
3.53,0.0686
3.54,0.0675
3.55,0.0665
3.56,0.0674
3.57,0.0684
3.58,0.0686
3.59,0.0683
3.6,0.0677
3.61,0.0667
3.62,0.0676
3.63,0.0686
3.64,0.0696
3.65,0.0702
3.66,0.0696
3.67,0.0685
3.68,0.068
3.69,0.0679
3.7,0.0684
3.71,0.0689
3.72,0.0679
3.73,0.0679
3.74,0.0685
3.75,0.0674
3.76,0.0664
3.77,0.066
3.78,0.067
3.79,0.068
3.8,0.0684
3.81,0.0675
3.82,0.0677
3.83,0.0685
3.84,0.0676
3.85,0.067
3.86,0.0679
3.87,0.0688
3.88,0.0678
3.89,0.0668
3.9,0.0659
3.91,0.0668
3.92,0.0676
3.93,0.0665
3.94,0.0656
3.95,0.0661
3.96,0.0669
3.97,0.0673
3.98,0.0666
3.99,0.0659
4,0.065
4.01,0.0641
4.02,0.0642
4.03,0.0653
4.04,0.0662
4.05,0.0669
4.06,0.0672
4.07,0.0662
4.08,0.0672
4.09,0.0681
4.1,0.0672
4.11,0.0671
4.12,0.0677
4.13,0.0686
4.14,0.0685
4.15,0.0676
4.16,0.0685
4.17,0.0695
4.18,0.07
4.19,0.068
4.2,0.0666
4.21,0.0675
4.22,0.0687
4.23,0.0677
4.24,0.0671
4.25,0.0676
4.26,0.0713
4.27,0.075
4.28,0.0768
4.29,0.0744
4.3,0.0716
4.31,0.0691
4.32,0.069
4.33,0.0693
4.34,0.0683
4.35,0.0616
4.35,0.0523
4.36,0.0437
4.37,0.0384
4.38,0.0315
4.39,0.0185
4.4,-0.0021
4.41,-0.0236
4.42,-0.0415
4.43,-0.0521
4.44,-0.0554
4.45,-0.0518
4.46,-0.0469
4.47,-0.0441
4.48,-0.0457
4.49,-0.0496
4.5,-0.0528
4.51,-0.0516
4.52,-0.0496
4.53,-0.05
4.54,-0.0504
4.55,-0.043
4.56,-0.0289
4.57,-0.0078
4.58,0.0153
4.59,0.0385
4.6,0.0565
4.61,0.0722
4.62,0.0885
4.63,0.1088
4.64,0.1292
4.65,0.1487
4.66,0.1683
4.67,0.1714
4.68,0.1683
4.69,0.1652
4.7,0.1642
4.71,0.1654
4.72,0.1672
4.73,0.1685
4.74,0.1696
4.75,0.1684
4.76,0.1675
4.77,0.1686
4.78,0.1699
4.79,0.1711
4.8,0.1705
4.81,0.1697
4.82,0.1686
4.83,0.1692
4.84,0.1698
4.85,0.1691
4.86,0.1684
4.87,0.1678
4.88,0.1675
4.89,0.1676
4.9,0.1681
4.91,0.1681
4.92,0.1679
4.93,0.168
4.94,0.168
4.95,0.1684
4.96,0.1685
4.97,0.1681
4.98,0.1678
4.99,0.1676
5,0.168
