Time,Real_Angle
0,0.0701
0.01,0.0692
0.02,0.0686
0.03,0.0677
0.04,0.0668
0.05,0.0659
0.06,0.065
0.07,0.0645
0.08,0.0649
0.09,0.0668
0.1,0.0714
0.11,0.0755
0.12,0.0791
0.13,0.0803
0.14,0.0835
0.15,0.0862
0.16,0.0874
0.17,0.0858
0.18,0.0855
0.19,0.0865
0.2,0.0873
0.21,0.0876
0.22,0.0862
0.23,0.0848
0.24,0.0857
0.25,0.0868
0.26,0.0858
0.27,0.0867
0.28,0.0875
0.29,0.0873
0.3,0.0881
0.31,0.089
0.32,0.0885
0.33,0.0875
0.34,0.0883
0.35,0.0891
0.36,0.0881
0.37,0.089
0.38,0.0899
0.39,0.0888
0.4,0.0881
0.41,0.0886
0.42,0.0876
0.43,0.0878
0.44,0.0882
0.45,0.0873
0.46,0.0879
0.47,0.0873
0.48,0.0863
0.49,0.0863
0.5,0.0855
0.51,0.0849
0.52,0.0855
0.53,0.0852
0.54,0.0845
0.55,0.0854
0.56,0.0864
0.57,0.0873
0.58,0.0869
0.59,0.0819
0.6,0.074
0.61,0.0653
0.62,0.0581
0.63,0.0532
0.64,0.0506
0.65,0.052
0.66,0.055
0.67,0.0585
0.68,0.0611
0.69,0.061
0.7,0.0631
0.71,0.0662
0.72,0.0687
0.73,0.0674
0.74,0.0652
0.75,0.066
0.76,0.0655
0.77,0.0646
0.78,0.0632
0.79,0.0639
0.8,0.0649
0.81,0.0641
0.82,0.0648
0.83,0.0658
0.84,0.0648
0.85,0.0652
0.86,0.0659
0.87,0.0649
0.88,0.0654
0.89,0.066
0.9,0.065
0.91,0.0649
0.92,0.0643
0.93,0.0633
0.94,0.0629
0.95,0.062
0.96,0.0612
0.97,0.0611
0.98,0.062
0.99,0.0621
1,0.0623
1.01,0.0613
1.02,0.0605
1.03,0.0596
1.04,0.0598
1.05,0.0591
1.06,0.0591
1.07,0.0601
1.08,0.0609
1.09,0.0619
1.1,0.0626
1.11,0.0628
1.12,0.062
1.13,0.0611
1.14,0.0601
1.15,0.061
1.16,0.062
1.17,0.063
1.18,0.0636
1.19,0.0634
1.2,0.0634
1.21,0.0624
1.22,0.0617
1.23,0.0608
1.24,0.0617
1.25,0.0619
1.26,0.0623
1.27,0.0633
1.28,0.0627
1.29,0.0617
1.3,0.0613
1.31,0.0603
1.32,0.0604
1.33,0.0614
1.34,0.0623
1.35,0.0633
1.36,0.0636
1.37,0.063
1.38,0.0622
1.39,0.0614
1.4,0.0616
1.41,0.0621
1.42,0.0624
1.43,0.0634
1.44,0.0641
1.45,0.0647
1.46,0.0637
1.47,0.0627
1.48,0.0617
1.49,0.0616
1.5,0.0625
1.51,0.0631
1.52,0.0639
1.53,0.0649
1.54,0.0651
1.55,0.0643
1.56,0.0637
1.57,0.0627
1.58,0.0622
1.59,0.064
1.6,0.07
1.61,0.0754
1.62,0.0774
1.63,0.0746
1.64,0.0725
1.65,0.0741
1.66,0.0758
1.67,0.0764
1.68,0.0746
1.69,0.0732
1.7,0.0742
1.71,0.075
1.72,0.0735
1.73,0.0719
1.74,0.0708
1.75,0.0721
1.76,0.0719
1.77,0.0709
1.78,0.072
1.79,0.0725
1.8,0.0715
1.81,0.0724
1.82,0.0721
1.83,0.0711
1.84,0.072
1.85,0.0731
1.86,0.0726
1.87,0.0727
1.88,0.0717
1.89,0.0708
1.9,0.0711
1.91,0.0701
1.92,0.0691
1.93,0.0697
1.94,0.0705
1.95,0.0714
1.96,0.0721
1.97,0.072
1.98,0.0727
1.99,0.0736
2,0.0735
2.01,0.0739
2.02,0.0738
2.03,0.0734
2.04,0.0733
2.05,0.0741
2.06,0.075
2.07,0.0752
2.08,0.0736
2.09,0.0699
2.1,0.0637
2.11,0.0594
2.12,0.0572
2.13,0.057
2.14,0.0585
2.15,0.0603
2.16,0.0594
2.17,0.0581
2.18,0.057
2.19,0.0588
2.2,0.0614
2.21,0.0638
2.22,0.0628
2.23,0.0616
2.24,0.0622
2.25,0.0635
2.26,0.0628
2.27,0.0635
2.28,0.0645
2.29,0.0636
2.3,0.0642
2.31,0.0648
2.32,0.0639
2.33,0.0634
2.34,0.0638
2.35,0.0629
2.36,0.0632
2.37,0.0639
2.38,0.0634
2.39,0.0634
2.4,0.0643
2.41,0.0633
2.42,0.0625
2.43,0.0616
2.44,0.0609
2.45,0.0614
2.46,0.0607
2.47,0.0601
2.48,0.0591
2.49,0.06
2.5,0.0605
2.51,0.0595
2.52,0.0605
2.53,0.0612
2.54,0.0602
2.55,0.0591
2.56,0.0601
2.57,0.0611
2.58,0.062
2.59,0.0614
2.6,0.0548
2.61,0.0455
2.62,0.0373
2.63,0.032
2.64,0.0305
2.65,0.0343
2.66,0.0383
2.67,0.0391
2.68,0.0377
2.69,0.0392
2.7,0.0416
2.71,0.0436
2.72,0.0421
2.73,0.0414
2.74,0.0428
2.75,0.0423
2.76,0.041
2.77,0.0402
2.78,0.0413
2.79,0.0402
2.8,0.0394
2.81,0.0404
2.82,0.0394
2.83,0.0387
2.84,0.0398
2.85,0.0389
2.86,0.038
2.87,0.0388
2.88,0.0382
2.89,0.0376
2.9,0.0385
2.91,0.0378
2.92,0.0373
2.93,0.0383
2.94,0.0377
2.95,0.0374
2.96,0.0384
2.97,0.0378
2.98,0.0386
2.99,0.0394
3,0.0394
3,0.0404
3,0.0402
3.01,0.0397
3.02,0.04
3.03,0.0398
3.04,0.0395
3.05,0.0387
3.06,0.0379
3.07,0.0385
3.08,0.0417
3.09,0.0476
3.1,0.0566
3.11,0.0642
3.12,0.0697
3.13,0.0729
3.14,0.0739
3.15,0.0719
3.16,0.0699
3.17,0.0685
3.18,0.0696
3.19,0.0702
3.2,0.0693
3.21,0.066
3.22,0.0637
3.23,0.0629
3.24,0.0646
3.25,0.0658
3.26,0.0646
3.27,0.0638
3.28,0.0648
3.29,0.0655
3.3,0.0646
3.31,0.0656
3.32,0.0664
3.33,0.0653
3.34,0.0645
3.35,0.0656
3.36,0.0667
3.37,0.0656
3.38,0.065
3.39,0.066
3.4,0.065
3.41,0.0656
3.42,0.0666
3.43,0.0657
3.44,0.0666
3.45,0.0676
3.46,0.0666
3.47,0.0666
3.48,0.0676
3.49,0.0666
3.5,0.0676
3.51,0.0685
3.52,0.0675
3.53,0.0684
3.54,0.0679
3.55,0.067
3.56,0.068
3.57,0.0689
3.58,0.0679
3.59,0.0689
3.6,0.0679
3.61,0.0669
3.62,0.0678
3.63,0.067
3.64,0.066
3.65,0.0663
3.66,0.0652
3.67,0.0643
3.68,0.0654
3.69,0.0644
3.7,0.0634
3.71,0.0644
3.72,0.0635
3.73,0.0625
3.74,0.0635
3.75,0.0628
3.76,0.0618
3.77,0.0628
3.78,0.0618
3.79,0.0614
3.8,0.0623
3.81,0.0615
3.82,0.0625
3.83,0.0635
3.84,0.0645
3.85,0.0638
3.86,0.0648
3.87,0.064
3.88,0.0646
3.89,0.0656
3.9,0.0665
3.91,0.0675
3.92,0.0682
3.93,0.0672
3.94,0.0681
3.95,0.069
3.96,0.0685
3.97,0.0675
3.98,0.0684
3.99,0.0675
4,0.0665
4.01,0.0675
4.02,0.0665
4.03,0.0667
4.04,0.0677
4.05,0.0668
4.06,0.0658
4.07,0.0665
4.08,0.0655
4.09,0.0645
4.1,0.0656
4.11,0.0671
4.12,0.0689
4.13,0.0701
4.14,0.0685
4.15,0.0668
4.16,0.0677
4.17,0.0688
4.18,0.0671
4.19,0.0652
4.2,0.0641
4.21,0.0656
4.22,0.0668
4.23,0.0656
4.24,0.0647
4.25,0.0651
4.26,0.0692
4.27,0.0735
4.28,0.0756
4.29,0.0732
4.3,0.0702
4.31,0.0686
4.32,0.0696
4.33,0.0699
4.34,0.0649
4.35,0.0576
4.35,0.0508
4.36,0.0478
4.37,0.0385
4.38,0.0292
4.39,0.0075
4.4,-0.0126
4.41,-0.0277
4.42,-0.0365
4.43,-0.0391
4.44,-0.0386
4.45,-0.0376
4.46,-0.0401
4.47,-0.045
4.48,-0.0472
4.49,-0.0451
4.5,-0.0432
4.51,-0.0426
4.52,-0.0436
4.53,-0.0417
4.54,-0.0339
4.55,-0.0192
4.56,-0.0004
4.57,0.0206
4.58,0.0394
4.59,0.0556
4.6,0.073
4.61,0.0925
4.62,0.1153
4.63,0.1368
4.64,0.1537
4.65,0.1639
4.66,0.1678
4.67,0.1689
4.68,0.1686
4.69,0.1701
4.7,0.1718
4.71,0.1709
4.72,0.1697
4.73,0.1706
4.74,0.17
4.75,0.1689
4.76,0.1692
4.77,0.1684
4.78,0.1673
4.79,0.1676
4.8,0.1666
4.81,0.166
4.82,0.1668
4.83,0.1676
4.84,0.167
4.85,0.168
4.86,0.1681
4.87,0.1676
4.88,0.1685
4.89,0.1681
4.9,0.1679
4.91,0.1687
4.92,0.168
4.93,0.1685
4.94,0.1688
4.95,0.1679
4.96,0.1681
4.97,0.1678
4.98,0.1669
4.99,0.1663
5,0.1658
