Time,Real_Angle
0,0.0619
0.01,0.0618
0.02,0.0628
0.03,0.0622
0.04,0.0617
0.05,0.0625
0.06,0.0625
0.07,0.0617
0.08,0.0607
0.09,0.0599
0.1,0.0595
0.11,0.06
0.12,0.063
0.13,0.0662
0.14,0.069
0.15,0.0696
0.16,0.0705
0.17,0.0721
0.18,0.0763
0.19,0.0809
0.2,0.0848
0.21,0.0864
0.22,0.0892
0.23,0.0919
0.24,0.0939
0.25,0.0932
0.26,0.092
0.27,0.0919
0.28,0.0929
0.29,0.0922
0.3,0.0925
0.31,0.0929
0.32,0.0931
0.33,0.0937
0.34,0.0942
0.35,0.0928
0.36,0.0907
0.37,0.0905
0.38,0.0904
0.39,0.0894
0.4,0.0854
0.41,0.0813
0.42,0.078
0.43,0.0754
0.44,0.0749
0.45,0.0735
0.46,0.0716
0.47,0.0701
0.48,0.0709
0.49,0.0719
0.5,0.0706
0.51,0.0688
0.52,0.0672
0.53,0.0682
0.54,0.0693
0.55,0.0683
0.56,0.0673
0.57,0.0683
0.58,0.0696
0.59,0.0707
0.6,0.0694
0.61,0.068
0.62,0.0678
0.63,0.0687
0.64,0.0684
0.65,0.0657
0.66,0.061
0.67,0.0572
0.68,0.0544
0.69,0.0547
0.7,0.056
0.71,0.057
0.72,0.0577
0.73,0.0569
0.74,0.0531
0.75,0.0495
0.76,0.0471
0.77,0.0456
0.78,0.0468
0.79,0.046
0.8,0.0448
0.81,0.0439
0.82,0.0453
0.83,0.0468
0.84,0.0459
0.85,0.0448
0.86,0.0446
0.87,0.0454
0.88,0.049
0.89,0.0519
0.9,0.0512
0.91,0.0504
0.92,0.0489
0.93,0.0501
0.94,0.0523
0.95,0.0528
0.96,0.0525
0.97,0.0518
0.98,0.0536
0.99,0.0559
1,0.0565
1.01,0.0556
1.02,0.0562
1.03,0.0573
1.04,0.0567
1.05,0.0563
1.06,0.0573
1.07,0.0577
1.08,0.0566
1.09,0.0575
1.1,0.0586
1.11,0.0594
1.12,0.0595
1.13,0.0575
1.14,0.0558
1.15,0.055
1.16,0.056
1.17,0.057
1.18,0.0579
1.19,0.0584
1.2,0.0558
1.21,0.0531
1.22,0.0512
1.23,0.0513
1.24,0.0525
1.25,0.0515
1.26,0.0503
1.27,0.0494
1.28,0.0504
1.29,0.0513
1.3,0.0512
1.31,0.0502
1.32,0.0493
1.33,0.0489
1.34,0.0504
1.35,0.0515
1.36,0.0504
1.37,0.0496
1.38,0.0493
1.39,0.0507
1.4,0.0528
1.41,0.0542
1.42,0.0536
1.43,0.0525
1.44,0.0536
1.45,0.0546
1.46,0.0539
1.47,0.0547
1.48,0.0557
1.49,0.0561
1.5,0.057
1.51,0.0579
1.52,0.0587
1.53,0.0586
1.54,0.0577
1.55,0.0567
1.56,0.0563
1.57,0.0567
1.58,0.0558
1.59,0.0548
1.6,0.0542
1.61,0.0542
1.62,0.0565
1.63,0.0567
1.64,0.0582
1.65,0.0584
1.66,0.0607
1.67,0.063
1.68,0.0648
1.69,0.0637
1.7,0.0629
1.71,0.0629
1.72,0.0653
1.73,0.0675
1.74,0.0682
1.75,0.0702
1.76,0.072
1.77,0.0733
1.78,0.0722
1.79,0.0712
1.8,0.0705
1.81,0.0704
1.82,0.0714
1.83,0.0715
1.84,0.0722
1.85,0.073
1.86,0.073
1.87,0.0708
1.88,0.0688
1.89,0.0671
1.9,0.066
1.91,0.0654
1.92,0.0658
1.93,0.0664
1.94,0.0669
1.95,0.0676
1.96,0.0675
1.97,0.0645
1.98,0.0618
1.99,0.06
2,0.0589
2,0.06
2,0.06
2.01,0.0588
2.02,0.0579
2.03,0.0574
2.04,0.0598
2.05,0.0622
2.06,0.0634
2.07,0.0617
2.08,0.0601
2.09,0.0613
2.1,0.0625
2.11,0.0615
2.12,0.0608
2.13,0.0618
2.14,0.0625
2.15,0.0617
2.16,0.0628
2.17,0.0636
2.18,0.064
2.19,0.0623
2.2,0.0609
2.21,0.0618
2.22,0.0628
2.23,0.0614
2.24,0.0597
2.25,0.0589
2.26,0.0601
2.27,0.0611
2.28,0.0601
2.29,0.0611
2.3,0.0621
2.31,0.0611
2.32,0.0601
2.33,0.0612
2.34,0.0621
2.35,0.0611
2.36,0.0621
2.37,0.0631
2.38,0.0623
2.39,0.0632
2.4,0.0639
2.41,0.063
2.42,0.0622
2.43,0.0622
2.44,0.062
2.45,0.0614
2.46,0.0616
2.47,0.0619
2.48,0.0618
2.49,0.0624
2.5,0.0632
2.51,0.0632
2.52,0.0623
2.53,0.0628
2.54,0.0619
2.55,0.0625
2.56,0.0634
2.57,0.0627
2.58,0.0636
2.59,0.0645
2.6,0.0635
2.61,0.0625
2.62,0.0616
2.63,0.062
2.64,0.0623
2.65,0.0622
2.66,0.0612
2.67,0.0622
2.68,0.0629
2.69,0.0633
2.7,0.0624
2.71,0.0616
2.72,0.0624
2.73,0.0631
2.74,0.0632
2.75,0.0622
2.76,0.0618
2.77,0.061
2.78,0.0604
2.79,0.0613
2.8,0.0604
2.81,0.0594
2.82,0.0588
2.83,0.0599
2.84,0.061
2.85,0.0606
2.86,0.0605
2.87,0.0613
2.88,0.0621
2.89,0.0627
2.9,0.0634
2.91,0.0642
2.92,0.0632
2.93,0.0631
2.94,0.0636
2.95,0.0639
2.96,0.0645
2.97,0.0655
2.98,0.0657
2.99,0.0654
3,0.0647
3.01,0.0641
3.02,0.0632
3.03,0.063
3.04,0.0626
3.05,0.0628
3.06,0.0638
3.07,0.0628
3.08,0.0619
3.09,0.0618
3.1,0.0621
3.11,0.0631
3.12,0.0632
3.13,0.0622
3.14,0.0632
3.15,0.0639
3.16,0.0642
3.17,0.064
3.18,0.065
3.19,0.0649
3.2,0.0645
3.21,0.0642
3.22,0.0632
3.23,0.0642
3.24,0.0637
3.25,0.063
3.26,0.0637
3.27,0.0647
3.28,0.0646
3.29,0.0637
3.3,0.0627
3.31,0.0619
3.32,0.0629
3.33,0.0638
3.34,0.0627
3.35,0.0637
3.36,0.0645
3.37,0.0635
3.38,0.0626
3.39,0.0618
3.4,0.0613
3.41,0.0619
3.42,0.0629
3.43,0.0624
3.44,0.0633
3.45,0.0642
3.46,0.0635
3.47,0.0626
3.48,0.0636
3.49,0.0638
3.5,0.0635
3.51,0.064
3.52,0.0644
3.53,0.0654
3.54,0.0652
3.55,0.0649
3.56,0.0656
3.57,0.0646
3.58,0.0637
3.59,0.0629
3.6,0.0635
3.61,0.063
3.62,0.0621
3.63,0.063
3.64,0.0627
3.65,0.0617
3.66,0.0619
3.67,0.0622
3.68,0.0612
3.69,0.0604
3.7,0.0614
3.71,0.0624
3.72,0.0633
3.73,0.0643
3.74,0.0651
3.75,0.0648
3.76,0.0638
3.77,0.0628
3.78,0.062
3.79,0.0629
3.8,0.0621
3.81,0.0612
3.82,0.0619
3.83,0.0612
3.84,0.0607
3.85,0.0616
3.86,0.0615
3.87,0.0611
3.88,0.0609
3.89,0.0612
3.9,0.0608
3.91,0.0613
3.92,0.0612
3.93,0.0608
3.94,0.0617
3.95,0.0617
3.96,0.0607
3.97,0.0604
3.98,0.0613
3.99,0.0604
4,0.0593
4.01,0.0603
4.02,0.0612
4.03,0.0604
4.04,0.0614
4.05,0.0623
4.06,0.0623
4.07,0.0617
4.08,0.0623
4.09,0.0624
4.1,0.0617
4.11,0.0627
4.12,0.0636
4.13,0.0645
4.14,0.0638
4.15,0.0631
4.16,0.0621
4.17,0.0611
4.18,0.0602
4.19,0.0593
4.2,0.0587
4.21,0.0597
4.22,0.0608
4.23,0.0599
4.24,0.0609
4.25,0.0613
4.26,0.0604
4.27,0.061
4.28,0.0621
4.29,0.0631
4.3,0.0642
4.31,0.0633
4.32,0.0631
4.33,0.0642
4.34,0.0632
4.35,0.0625
4.35,0.0635
4.36,0.0626
4.37,0.0637
4.38,0.0701
4.39,0.0749
4.4,0.0729
4.41,0.0689
4.42,0.0557
4.43,0.0377
4.44,0.0244
4.45,0.025
4.46,0.0431
4.47,0.0676
4.48,0.0874
4.49,0.0944
4.5,0.0919
4.51,0.0859
4.52,0.0851
4.53,0.0878
4.54,0.0916
4.55,0.0936
4.56,0.0904
4.57,0.0776
4.58,0.0648
4.59,0.0554
4.6,0.0653
4.61,0.0839
4.62,0.1047
4.63,0.1169
4.64,0.113
4.65,0.0923
4.66,0.0662
4.67,0.0425
4.68,0.0269
4.69,0.0249
4.7,0.037
4.71,0.0563
4.72,0.0772
4.73,0.0921
4.74,0.0988
4.75,0.1049
4.76,0.1148
4.77,0.1283
4.78,0.1423
4.79,0.1507
4.8,0.1514
4.81,0.1476
4.82,0.1439
4.83,0.1433
4.84,0.1446
4.85,0.1473
4.86,0.1484
4.87,0.1466
4.88,0.1452
4.89,0.1452
4.9,0.1465
4.91,0.1468
4.92,0.146
4.93,0.1452
4.94,0.1449
4.95,0.1458
4.96,0.1462
4.97,0.1461
4.98,0.1463
4.99,0.1466
5,0.1467